distance	|	angle
0. 474.027	|	30.4115
1. 281.25	|	43.3832
2. 274.704	|	102.077
3. 269.456	|	51.5081
4. 277.042	|	52.3492
5. 267.085	|	62.6746
6. 315.215	|	113.223
7. 416.589	|	115.008
8. 994.892	|	163.802
9. 722.409	|	161.83
10. 355.891	|	68.1946
11. 293.784	|	35.6331
12. 696.488	|	107.161
13. 351.977	|	78.0293
14. 436.255	|	63.0158
15. 329.48	|	74.1405
16. 678.881	|	138.103
distance	|	angle
distance	|	angle
distance	|	angle
distance	|	angle
distance	|	angle
distance	|	angle
distance	|	angle
distance	|	angle
distance	|	angle
distance	|	angle
distance	|	angle
distance	|	angle
0. 414.182	|	31.1476
1. 275.948	|	82.289
2. 709.536	|	116.575
3. 386.425	|	105.456
4. 382.187	|	82.4501
5. 384.998	|	82.2443
6. 336.008	|	83.4918
7. 355.12	|	82.3055
8. 376.496	|	113.493
9. 337.805	|	81.947
10. 337.128	|	82.1883
11. 345.695	|	82.8745
12. 347.35	|	82.7317
13. 349.564	|	82.776
14. 380.01	|	103.682
15. 373.313	|	104.192
16. 372.621	|	104.083
17. 364.026	|	105.247
18. 370.37	|	104.49
19. 375.652	|	85.1481
20. 362.866	|	104.553
21. 364.593	|	104.746
22. 352.877	|	105.952
23. 362.041	|	104.656
24. 364.968	|	103.976
distance	|	angle
distance	|	angle
distance	|	angle
distance	|	angle
distance	|	angle
distance	|	angle
distance	|	angle
distance	|	angle
distance	|	angle
distance	|	angle
distance	|	angle
distance	|	angle
distance	|	angle
0. 256.082	|	30.0708
1. 493.411	|	46.7164
2. 578.671	|	35.7294
3. 677.437	|	49.105
4. 626.528	|	39.9852
5. 466.538	|	41.3189
6. 527.302	|	49.8333
7. 949.025	|	110.593
8. 595.454	|	57.0604
9. 824.665	|	108.923
10. 674.358	|	66.0724
11. 999.017	|	88.4052
12. 765.779	|	68.9826
13. 858.75	|	110.853
14. 531.772	|	67.941
15. 438.658	|	79.5257
16. 491.522	|	33.642
17. 881.336	|	89.7767
18. 769.384	|	70.8027
19. 1026.3	|	76.3869
20. 521.511	|	88.0634
21. 539.73	|	67.2107
22. 471.092	|	65.9606
23. 669.38	|	65.2593
24. 511.457	|	34.0257
25. 403.112	|	72.2053
26. 655.364	|	52.597
27. 1019.91	|	97.3329
28. 1084.47	|	60.365
29. 770.626	|	73.9747
30. 1080.54	|	97.5934
31. 1317.56	|	65.7286
32. 1783.71	|	123.9
33. 501.744	|	42.5226
34. 511.535	|	41.0133
35. 900.237	|	110.772
36. 1293.16	|	132.806
37. 1325.92	|	132.499
38. 432.964	|	112.475
39. 874.122	|	68.3811
40. 665.026	|	61.3598
41. 988.76	|	94.7239
42. 869.006	|	70.1129
distance	|	angle
0. 424.579	|	65.5564
1. 1064.82	|	136.694
2. 1064.42	|	136.421
3. 936.478	|	81.0016
4. 321.875	|	107.518
5. 1076.64	|	136.937
6. 1071.97	|	136.758
7. 1071.85	|	136.6
8. 1071.98	|	136.557
9. 779.455	|	92.7644
10. 259.911	|	93.1868
11. 273.909	|	82.5822
distance	|	angle
0. 251.06	|	31.2056
1. 903.771	|	34.9707
2. 1139.41	|	63.0438
3. 1230.88	|	65.404
4. 1349.68	|	74.2938
5. 1102.09	|	50.7433
6. 1146.46	|	71.189
7. 1052.79	|	53.7554
8. 1043.78	|	55.8683
9. 1189.25	|	68.6462
10. 1234.36	|	68.9569
11. 1285.62	|	76.0425
12. 1161.14	|	111.711
13. 1079.79	|	39.2654
14. 1147.62	|	74.6599
15. 1220.63	|	76.7552
16. 1216.02	|	76.4161
17. 896.748	|	30.817
18. 975.102	|	83.9701
19. 1019.03	|	50.5623
20. 1019.43	|	49.3589
21. 1021.7	|	49.7257
22. 934.081	|	76.0627
23. 1017.22	|	58.0094
24. 746.437	|	31.9109
25. 949.235	|	91.0579
26. 1045.01	|	57.6028
27. 1001.93	|	76.3781
28. 1036.74	|	52.2188
29. 1025.96	|	72.3905
30. 1031.23	|	53.0939
31. 1068.89	|	42.8544
32. 957.298	|	102.668
33. 1062	|	46.2972
34. 1054.66	|	52.4585
35. 948.107	|	88.6098
36. 1014.38	|	58.7264
37. 989.057	|	74.0027
38. 1068.19	|	43.3536
39. 739.568	|	33.488
40. 738.352	|	33.4963
41. 1033.55	|	57.8926
42. 1040.87	|	53.4702
43. 1033.14	|	57.567
44. 967.183	|	81.7074
45. 836.443	|	42.1799
46. 1094.89	|	47.1346
47. 1080.78	|	56.6869
48. 1082.42	|	54.2885
49. 1102.88	|	54.3156
50. 988.482	|	90.2965
51. 981.361	|	92.204
52. 1094.33	|	47.6084
53. 1178.44	|	76.1626
54. 1110.37	|	45.8088
55. 1084.42	|	53.4484
56. 1077.84	|	57.2664
57. 1087.73	|	50.9013
58. 1079.98	|	57.2465
59. 759.085	|	34.2415
60. 1109.64	|	47.5542
61. 1087.82	|	53.8568
62. 1081.09	|	35.896
63. 1126.99	|	51.276
64. 1235.03	|	75.9747
65. 791.502	|	33.3778
66. 1203.99	|	73.4039
67. 992.363	|	93.9669
68. 1123.87	|	47.6603
69. 1001.08	|	92.3831
70. 1100.28	|	56.0183
71. 999.615	|	92.1825
72. 786.293	|	32.3554
73. 1101.26	|	45.0836
distance	|	angle
distance	|	angle
distance	|	angle
0. 268.528	|	37.6503
1. 604.51	|	53.7586
2. 972.14	|	35.1552
3. 1007.21	|	35.2094
4. 969.217	|	33.6252
5. 932.104	|	31.2606
6. 765.227	|	32.9184
7. 630.806	|	30.6546
8. 654.501	|	31.7473
9. 709.494	|	35.3371
10. 662.089	|	31.3377
11. 753.494	|	37.6213
12. 671.632	|	32.1725
13. 596.306	|	33.0929
14. 667.513	|	32.9119
15. 969.021	|	92.3539
16. 773.791	|	34.9592
17. 997.205	|	30.1986
18. 855.605	|	30.846
19. 845.303	|	32.2906
20. 944.971	|	48.1191
21. 912.768	|	38.75
distance	|	angle
0. 287.388	|	39.4736
1. 1133.18	|	30.4085
2. 1154.47	|	31.2966
3. 1405.66	|	66.9513
4. 1402.87	|	67.1722
5. 1405.17	|	67.4472
6. 1333.25	|	68.5788
7. 1277.67	|	32.2949
8. 1330.06	|	33.2533
9. 1327.88	|	34.4505
10. 1275.32	|	30.358
11. 1240.72	|	31.3736
distance	|	angle
0. 262.814	|	39.2573
1. 800.451	|	36.885
2. 606.513	|	117.258
3. 733.628	|	88.9173
4. 294.13	|	90.8299
5. 427.713	|	140.648
6. 566.629	|	89.0025
7. 403.979	|	121.027
distance	|	angle
distance	|	angle
0. 251.858	|	32.821
1. 644.29	|	84.6328
2. 699.616	|	87.9672
3. 718.021	|	86.3791
4. 726.385	|	86.7485
5. 1250.38	|	119.411
6. 761.28	|	86.567
7. 775.119	|	84.5336
8. 1277.57	|	118.451
9. 765.865	|	77.5231
10. 1311.5	|	118.502
11. 2197.45	|	55.7374
12. 1313.62	|	118.963
13. 1318.24	|	119.536
14. 2200.44	|	55.4681
15. 915.959	|	85.4007
distance	|	angle
distance	|	angle
0. 302.624	|	30.9438
1. 412.083	|	95.0628
2. 287.834	|	91.0068
3. 389.381	|	75.685
4. 417.296	|	72.57
5. 394.92	|	75.6864
6. 409.328	|	75.2891
7. 411.958	|	75.1074
8. 401.215	|	76.0086
9. 407.492	|	75.2118
10. 402.476	|	76.1046
11. 410.491	|	75.1053
12. 409.718	|	75.0594
13. 407.493	|	75.0158
14. 404.245	|	75.0239
15. 400.57	|	74.9574
16. 398.746	|	74.8769
17. 391.669	|	75.0953
18. 385.161	|	75.2766
19. 384.533	|	75.3201
20. 375.637	|	75.3531
distance	|	angle
distance	|	angle
distance	|	angle
distance	|	angle
0. 308.478	|	54.6873
1. 439.377	|	63.5076
2. 447.999	|	58.1
3. 458.023	|	61.9461
4. 463.537	|	58.14
5. 408.889	|	62.026
6. 382.472	|	61.847
7. 381.558	|	121.072
distance	|	angle
0. 610.086	|	33.5592
distance	|	angle
0. 276.784	|	31.1825
1. 1085.64	|	119.476
2. 266.501	|	123.335
3. 522.115	|	129.129
distance	|	angle
0. 261.832	|	46.3538
distance	|	angle
0. 311.553	|	32.9246
1. 1096.41	|	46.4179
2. 587.047	|	35.2813
distance	|	angle
0. 260.624	|	31.0609
1. 694.3	|	48.0197
2. 683.845	|	72.717
3. 708.973	|	83.4024
4. 601.861	|	57.6055
distance	|	angle
distance	|	angle
0. 254.038	|	35.0484
1. 791.141	|	35.7608
2. 765.127	|	45.0017
3. 727.018	|	44.7541
4. 672.69	|	39.7888
5. 661.471	|	37.429
6. 698.109	|	41.4482
7. 866.711	|	47.1717
8. 868.632	|	47.368
9. 870.888	|	45.0143
10. 867.343	|	42.8934
11. 865.797	|	41.2738
12. 889.269	|	46.3806
13. 899.124	|	48.7274
14. 889.642	|	44.9157
15. 905.292	|	48.9904
16. 890.228	|	40.8468
17. 894.032	|	45.4996
18. 900.15	|	46.7476
19. 888.66	|	44.0159
20. 877.962	|	43.2307
21. 890.518	|	42.4413
22. 893.24	|	46.5449
23. 893.994	|	47.1539
24. 881.993	|	44.4192
25. 887.705	|	46.4742
26. 888.216	|	46.8633
27. 923.24	|	55.2653
28. 908.705	|	58.6421
29. 792.679	|	48.5284
distance	|	angle
distance	|	angle
distance	|	angle
distance	|	angle
0. 259.812	|	43.9057
1. 408.616	|	45.3584
2. 388.235	|	39.8473
3. 363.609	|	38.6109
4. 306.165	|	47.0977
5. 270.294	|	41.2677
6. 264.472	|	48.3857
7. 290.384	|	48.8223
8. 358.06	|	51.8375
9. 485.672	|	60.577
distance	|	angle
0. 684.385	|	31.2338
distance	|	angle
0. 251.476	|	32.0916
1. 4247.03	|	30.657
2. 451.5	|	42.1189
3. 867.198	|	124.095
4. 395.31	|	96.8354
5. 631.07	|	37.002
6. 641.477	|	34.5038
7. 603.145	|	37.8188
8. 600.105	|	38.5981
9. 628.517	|	35.475
10. 599.025	|	37.6112
11. 547	|	42.0965
12. 602.267	|	38.148
13. 623.696	|	37.0425
14. 617.198	|	38.3241
15. 595.955	|	38.4852
16. 479.872	|	42.851
17. 533.804	|	45.5631
18. 449.685	|	50.2761
19. 615.918	|	39.1447
20. 553.099	|	43.3413
21. 624.077	|	36.5139
22. 509.186	|	45.5953
23. 561.491	|	42.5081
24. 570.607	|	41.1617
25. 496.237	|	44.8266
26. 623.93	|	35.0951
27. 611.383	|	37.9151
28. 534.792	|	43.5246
29. 594.402	|	40.5817
30. 610.883	|	39.5563
31. 630.283	|	33.1501
32. 547.63	|	43.5988
33. 375.683	|	54.6079
34. 426.15	|	52.7379
35. 272.512	|	59.7056
36. 430.009	|	127.431
37. 263.548	|	41.8527
38. 266.914	|	42.0112
39. 832.754	|	61.5273
40. 828.984	|	61.6542
41. 278.377	|	39.2835
42. 808.028	|	56.8749
43. 698.087	|	55.6033
distance	|	angle
0. 252.807	|	64.7868
1. 1089.07	|	79.2204
2. 903.272	|	67.8046
3. 1133.55	|	84.94
4. 4957.39	|	122.169
5. 1148.48	|	82.2551
6. 5574.94	|	62.3098
7. 1147.01	|	82.1243
8. 741.782	|	171.221
9. 1181.98	|	77.6591
10. 1181.72	|	78.0153
11. 1180.32	|	78.2798
12. 1169.95	|	78.646
13. 1167.66	|	79.9908
14. 1161.1	|	80.7089
15. 1166.97	|	84.4071
16. 1171.5	|	83.0319
17. 1169.94	|	84.0682
18. 1162.49	|	87.433
19. 1155.07	|	88.6605
20. 1157.25	|	86.3296
21. 1168.77	|	83.4257
22. 1158.18	|	85.6387
23. 1157.01	|	85.1598
24. 1166.24	|	82.1092
25. 1151.19	|	83.8651
26. 1100.28	|	89.2803
27. 1039	|	101.809
28. 941.935	|	108.882
29. 1056.25	|	99.0762
30. 651.347	|	43.0374
31. 1032.43	|	101.003
32. 1159.12	|	76.3506
33. 1162.52	|	76.2571
34. 1162.86	|	75.0091
35. 1161.67	|	75.168
36. 1156.74	|	76.045
37. 1117.87	|	79.8306
38. 1116.2	|	78.8482
39. 1114.28	|	82.5765
40. 1104.93	|	85.5457
41. 1095.48	|	88.3264
42. 1087.72	|	90.1046
43. 1083.66	|	88.0225
44. 1061.47	|	91.479
45. 931.78	|	55.7444
46. 1081.68	|	93.3428
47. 1081.62	|	92.6353
48. 1107.69	|	85.3144
49. 1406.24	|	98.1107
50. 1258.26	|	160.599
51. 1054.17	|	89.6311
52. 1543.13	|	70.5851
53. 470.045	|	108.106
54. 911.659	|	107.675
55. 920.19	|	108.581
56. 915.768	|	108.391
57. 936.793	|	83.0418
58. 930.535	|	83.0839
59. 639.516	|	84.3821
60. 762.474	|	117.89
61. 1412.79	|	133.17
62. 776.56	|	95.2036
63. 800.146	|	84.9116
64. 821.183	|	110.408
65. 347.042	|	170.359
66. 846.13	|	86.094
67. 1165.85	|	132.756
68. 16414.2	|	97.1053
69. 529.636	|	56.2013
70. 713.505	|	64.1461
71. 1421.82	|	147.843
distance	|	angle
0. 487.871	|	79.8118
1. 2971.19	|	122.643
2. 818.302	|	93.8246
3. 467.411	|	114.624
distance	|	angle
0. 271.701	|	33.0357
1. 698.041	|	37.805
2. 339.554	|	50.4191
3. 992538	|	39.3689
4. 992263	|	118.57
5. 992177	|	44.7566
6. 992333	|	44.433
7. 992175	|	44.2907
8. 992323	|	42.9531
9. 989801	|	58.8595
10. 992411	|	149.894
11. 992254	|	121.296
12. 992366	|	37.6724
13. 989479	|	164.836
14. 992313	|	168.069
15. 990995	|	60.9832
16. 988396	|	50.6816
17. 989400	|	164.774
18. 992552	|	147.175
19. 989454	|	165.017
distance	|	angle
distance	|	angle
0. 432.855	|	44.8874
1. 666.316	|	31.1406
2. 279.145	|	38.134
3. 603.7	|	91.6409
4. 1303.46	|	86.6706
5. 909.575	|	56.7393
6. 1336.86	|	85.9513
7. 1377.3	|	87.5005
8. 1337.57	|	82.6607
9. 1007.41	|	57.52
10. 1086.87	|	69.8241
11. 968.294	|	55.3854
12. 1079.84	|	71.5442
13. 945.699	|	71.4963
14. 1078.73	|	99.1295
15. 1049.88	|	70.1302
16. 1039.46	|	64.0473
17. 1044.13	|	63.7733
18. 1227.15	|	93.265
19. 1537.43	|	58.6864
20. 1198.7	|	68.158
21. 996.457	|	77.7871
22. 1147.27	|	65.8073
23. 983.877	|	59.4829
24. 978.907	|	56.7489
25. 1148.96	|	69.5443
26. 931.196	|	48.6248
27. 1170.86	|	70.8302
28. 996.052	|	54.2213
29. 1136.93	|	68.4251
30. 1005.26	|	53.1642
31. 1004.06	|	62.5385
32. 1147.04	|	69.4367
33. 1072.54	|	70.5691
34. 1047.36	|	83.8537
35. 1001.27	|	98.9916
36. 855.124	|	62.4331
37. 865.812	|	63.3288
38. 917.203	|	63.6568
39. 873.437	|	65.128
40. 1064.75	|	84.086
41. 865.796	|	65.219
42. 921.653	|	77.3805
43. 1006.64	|	83.3144
44. 883.843	|	69.2819
45. 884.579	|	68.0571
46. 894.095	|	70.8082
47. 910.901	|	73.2464
48. 1012.7	|	100.923
49. 936.592	|	77.7304
50. 1019.99	|	91.0663
51. 1302.5	|	105.888
52. 1019.1	|	99.8754
53. 927.908	|	75.8852
54. 1557.6	|	85.5825
distance	|	angle
distance	|	angle
0. 360.788	|	41.096
distance	|	angle
